YOU NEED TO COPY THINGS HERE BEFORE DELETING
-----------------------------------------------
exports.ak47 = {
    PARENT: [exports.genericTank],
    LABEL: 'AK47',
    RESET_UPGRADES: true,
    INVISIBLE: [0, 0],
    ALPHA: 1,
    SHAPE: 'm 7.93294,0.3852 c -0.0125,-0.025 -0.01,-0.2325 -0.01,-0.2325 l -0.0025,-0.105 -0.1025,0.0025 -0.095,0.2025 -0.095,0.145 c 0,0 -0.37496,0.0082 -0.535,0.005 -0.25,-0.005 -0.3925,-0.1425 -0.3925,-0.1425 l -0.0075,-0.095 -0.815,-0.005 c 0,0 0.005,-0.035 -0.015,-0.04 -0.02,-0.005 -0.99,-0.0025 -0.99,-0.0025 l -0.015,-0.0325 c 0,0 -0.1625,0 -0.2025,0.0025 -0.04,0.0025 -0.0875,0.055 -0.12,0.06 -0.0325,0.005 -0.1125,0.0025 -0.1125,0.0025 L 4.42044,0.0127 4.29794,0.0102 c 0,0 -0.005,0.05 0,0.115 -0.215,0 -1.80008,0.0032 -1.8775,0.0075 -0.045,0.0025 -0.09184,0.0296 -0.11302,0.05188 -0.02356,0.02476 -0.03814,0.06458 -0.03948,0.08562 -0.0675,0.005 -0.0825,0.0175 -0.12,0.055 -0.0375,0.0375 -0.03,0.125 -0.03,0.125 0,0 -0.57478,0.07816 -0.625,0.08 -0.16482,0.00598 -0.1125,-0.07 -0.3025,-0.05 -0.1014,0.01066 -1.09,0.125 -1.115,0.125 -0.025,0 -0.08438,0.01132 -0.0625,0.075 0.08812,0.25652 0.11084,0.58902 0.1025,0.69 -0.01078,0.13054 0.4025,-0.06 0.9225,-0.215 0.52,-0.155 1.095,-0.37 1.095,-0.37 0,0 0.05824,0.03246 0.0875,0.1025 0.02988,0.07156 0.0225,0.1575 0.0225,0.1575 0,0 -0.19,0.445 -0.24,0.52 -0.05,0.075 0.03,0.08 0.03,0.08 l 0.34,0.0925 c 0.035,0.00836 0.05582,-0.0025 0.06582,-0.03832 0.01532,-0.05488 0.02336,-0.27168 0.06336,-0.33168 0.04,-0.06 0.2175,-0.2675 0.2175,-0.2675 h 0.75832 l -0.00082,-0.31168 c 0,0 0.0025,0.01168 0.04914,0.005 0,0.80296 0.67824,1.48692 0.89502,1.59918 0.05768,0.02988 0.075,-0.005 0.09,-0.0325 0.015,-0.0275 0.18832,-0.30664 0.215,-0.36 0.02666,-0.05332 0.05332,-0.07332 -0.02668,-0.12664 C 4.0857,1.46426 4.10294,0.7702 4.10294,0.7702 c 0,0 0.285,-0.005 0.3175,-0.0025 0.0325,0.0025 0.13982,0.09734 0.1975,0.0975 0.23206,0.00074 0.2725,-0.1125 0.4475,-0.115 0.08006,-0.00114 0.9275,0 0.9275,0 v -0.1475 l 2.0025,0.0025 0.0025,-0.1975 c 0,0 -0.0525,0.0025 -0.065,-0.0225 z m -5.17634,0.66116 0.00134,-0.25164 0.5175,0.0025 c -0.02058,0.00796 0.0225,0.245 0.0225,0.245 l -0.54134,0.00414 z',
    SKILL: [0, 0, 0, 0, 0, 0, 0, 0, 0, 0,],
    GUNS: [ { /*** LENGTH  WIDTH   ASPECT    X       Y     ANGLE   DELAY */
        POSITION: [  20,   1.5,      1,     50,      5,      0,      0,   ],
        PROPERTIES: {
            SHOOT_SETTINGS: combineStats([g.basic, g.power, g.doublereload, g.doublereload, g.power]),
            TYPE: [exports.bullet, { SHAPE: 5, }],
        }, },
    ],
}
------------------------------------------------
