Notes here
----------
SHAPE: 
-3 = trap
-2 = oval
-1 = horizontal ber
0 = circle
1 = dot
2 = vertical bar
3 = triangle
----------
SHAPE: [[0.8,-0.1],[0.8,-0.3],[1.5,0],[0.8,0.3],[0.8,0.1],[-1.5,0.1],[-1.5,-0.1]]
Arrow
----------
SHAPE: [[1.36,-0.24],[1.5,-0.2],[1.2,-0.1],[1.2,0.1],[1.5,0.2],[1.36,0.24],[1.25,0.3],[1.3,0.4],[1.33,0.5],[1.3,0.6],[1.2,0.7],[1,0.8],[0.75,0.85],[0.5,0.9],[0.3,1],[0.1,1.2],[0,1.5],[-0.5,0.2],[-1.1,0.2],[-1.1,-0.2],[-0.5,-0.2],[0,-1.5],[0.1,-1.2],[0.3,-1],[0.5,-0.9],[0.75,-0.85],[1,-0.8],[1.2,-0.7],[1.3,-0.6],[1.33,-0.5],[1.3,-0.4],[1.25,-0.3]],
Crossbow
    SHAPE: [[1.36,-0.24],[1.5,-0.2],[1.2,-0.1],[1.16,0.08],[0.506,0.08],[0.325,0.077],[-0.515,0.077],[-0.506,-0.103],[1.096,-0.1],[1.142,-0.31],[1.197,-0.412],[1.21,-0.506],[1.12,-0.62],[0.866,-0.74],[0.286,-0.87],[0.075,-1.057],[-0.026,-1.3],[-0.51,0.08],[-1.1,0.077],[-1.1,-0.2],[-0.5,-0.2],[0,-1.5],[0.1,-1.2],[0.3,-1],[0.5,-0.9],[0.75,-0.85],[1,-0.8],[1.2,-0.7],[1.3,-0.6],[1.33,-0.5],[1.3,-0.4],[1.254,-0.35],[1.206,-0.202],[1.2,0.001],[1.2,0],[1.2,0.1],[1.5,0.2],[1.36,0.24],[1.25,0.3],[1.3,0.4],[1.33,0.5],[1.3,0.6],[1.2,0.7],[1,0.8],[0.75,0.85],[0.5,0.9],[0.3,1],[0.1,1.2],[0,1.5],[-0.506,0.2],[-1.1,0.2],[-1.097,-0.07],[-0.52,-0.027],[-0.34,0.405],[-0.04,1.197],[0.207,0.91],[0.45,0.79],[0.72,0.74],[0.976,0.686],[1.14,0.607],[1.214,0.525],[1.202,0.425],[1.125,0.275],[1.106,0.187],[1.102,0.077],[1.254,-0.35]],    BODY:{
SHAPE: [[-0.496,-0.007],[1.1,0],[1.2,0],[1.2,0.1],[1.5,0.2],[1.36,0.24],[1.25,0.3],[1.3,0.4],[1.33,0.5],[1.3,0.6],[1.2,0.7],[1,0.8],[0.75,0.85],[0.5,0.9],[0.3,1],[0.1,1.2],[0,1.5],[-0.506,0.2],[-1.1,0.2],[-1.095,0],[-0.5,0.001],[-0.34,0.405],[-0.04,1.197],[0.207,0.91],[0.45,0.79],[0.72,0.74],[0.976,0.686],[1.14,0.607],[1.214,0.525],[1.202,0.425],[1.125,0.275],[1.25,0.2],[1.1,0.099],[-0.5,0.103]],